84 84 84 84 84 84 84 84 84 84 84 84 84 84 84 84 84 84 84 84 84 84 84 84 00 01 02 03 02 03 02 03 02 03 02 03 02 03 02 03 02 03 02 03 02 03 04 05 84 84 84 84 84 84 84 84 84 84 84 84 84 84 84 84 84 84 84 84 84 84 84 84 84 84 28 29 30 31 30 31 30 31 30 31 30 31 30 31 30 31 30 69 02 03 02 03 02 03 02 03 02 03 04 05 84 84 84 84 84 84 84 84 84 84 84 84 84 84 84 84 84 84
84 84 84 84 84 84 84 84 84 84 84 84 84 84 84 84 84 84 84 84 84 84 84 84 14 15 16 17 16 17 16 17 16 17 16 17 16 17 16 17 16 17 16 17 16 17 18 19 84 84 84 84 84 84 84 84 84 84 84 84 84 84 84 84 84 84 84 84 84 84 84 84 84 84 42 43 44 45 44 45 44 45 44 45 44 45 44 45 44 45 44 45 44 45 44 45 44 45 44 45 44 45 18 19 84 84 84 84 84 84 84 84 84 84 84 84 84 84 84 84 84 84
84 84 84 84 84 84 84 84 84 84 84 84 84 84 84 84 84 84 84 84 84 84 84 84 28 29 30 31 30 31 30 31 30 31 30 31 30 31 30 31 30 31 30 31 30 31 32 33 84 84 84 84 84 84 84 84 84 84 84 84 84 84 84 84 84 84 84 84 84 84 84 84 84 84 28 29 30 31 30 31 30 31 30 31 30 31 30 31 30 31 30 31 30 31 30 31 30 31 30 31 30 31 32 33 84 84 84 84 84 84 84 84 84 84 84 84 84 84 84 84 84 84
84 84 84 84 84 84 84 84 84 84 84 84 84 84 84 84 84 84 84 84 84 84 84 84 42 43 44 45 44 45 44 45 44 45 44 45 44 45 44 45 44 45 44 45 44 45 46 47 84 84 84 84 84 84 84 84 84 84 84 84 84 84 84 84 84 84 84 84 84 84 84 84 84 84 42 43 44 45 44 45 44 45 44 45 44 45 44 45 44 45 44 45 44 45 44 45 44 45 44 45 44 45 46 47 84 84 84 84 84 84 84 84 84 84 84 84 84 84 84 84 84 84
84 84 84 84 84 84 84 84 84 84 84 84 84 84 84 84 84 84 84 84 84 84 84 84 28 29 30 31 30 31 30 31 30 31 30 31 30 31 30 31 30 31 30 31 30 31 32 33 84 84 84 84 84 84 84 84 84 84 84 84 84 84 84 84 84 84 84 84 84 84 84 84 84 84 28 29 30 31 30 31 30 31 30 31 30 31 30 31 30 31 30 31 30 31 30 31 30 31 30 31 30 31 32 33 84 84 84 84 84 84 84 84 84 84 84 84 84 84 84 84 84 84
84 84 84 84 84 84 84 84 84 84 84 84 84 84 84 84 84 84 84 84 84 84 84 84 42 43 44 45 44 45 44 45 44 45 44 45 44 45 44 45 44 45 44 45 44 45 46 47 84 84 84 84 84 84 84 84 84 84 84 84 84 84 84 84 84 84 84 84 84 84 84 84 84 84 42 43 44 45 44 45 44 45 44 45 44 45 44 45 44 45 44 45 44 45 44 45 44 45 44 45 44 45 46 47 84 84 84 84 84 84 84 84 84 84 84 84 84 84 84 84 84 84
84 84 84 84 84 84 84 84 84 84 84 84 84 84 84 84 84 84 84 84 84 84 84 84 28 29 30 31 30 31 30 31 30 31 30 31 30 31 30 31 30 31 30 31 30 31 30 69 40 41 40 41 40 41 40 41 40 41 40 41 40 41 40 41 40 41 40 41 40 41 40 41 40 41 68 31 30 31 30 31 30 31 30 31 30 31 30 31 30 31 30 31 30 31 30 31 30 31 30 31 30 31 32 33 84 84 84 84 84 84 84 84 84 84 84 84 84 84 84 84 84 84
84 84 84 84 84 84 84 84 84 84 84 84 84 84 84 84 84 84 84 84 84 84 84 84 42 43 44 45 44 45 44 45 44 45 44 45 44 45 44 45 44 45 44 45 44 45 44 45 44 45 44 45 44 45 44 45 44 45 44 45 44 45 44 45 44 45 44 45 44 45 44 45 44 45 44 45 44 45 44 45 44 45 44 45 44 45 44 45 44 45 44 45 44 45 44 45 44 45 44 45 44 45 46 47 84 84 84 84 84 84 84 84 84 84 84 84 84 84 84 84 84 84
84 84 84 84 84 84 84 84 84 84 84 84 84 84 84 84 84 84 84 84 84 84 84 84 28 29 30 31 30 31 30 31 30 31 30 31 30 31 30 31 30 31 30 31 30 31 30 31 30 31 30 31 30 31 30 31 30 31 30 31 30 31 30 31 30 31 30 31 30 31 30 31 30 31 30 31 30 31 30 31 30 31 30 31 30 31 30 31 30 31 30 31 30 31 30 31 30 31 30 31 30 31 32 33 84 84 84 84 84 84 84 84 84 84 84 84 84 84 84 84 84 84
84 84 84 84 84 84 84 84 84 84 84 84 84 84 84 84 84 84 84 84 84 84 84 84 42 43 44 45 44 45 44 45 44 45 44 45 44 45 44 45 44 45 44 45 44 45 44 83 54 55 54 55 54 55 54 55 54 55 54 55 54 55 54 55 54 55 54 55 54 55 54 55 54 55 82 45 44 45 44 45 44 45 44 45 44 45 44 45 44 45 44 45 44 45 44 45 44 45 44 45 44 45 46 47 84 84 84 84 84 84 84 84 84 84 84 84 84 84 84 84 84 84
84 84 84 84 84 84 84 84 84 84 84 84 84 84 84 84 84 84 84 84 84 84 84 84 28 29 30 31 30 31 30 31 30 31 30 31 30 31 30 31 30 31 30 31 30 31 32 33 84 84 84 84 84 84 84 84 84 84 84 84 84 84 84 84 84 84 84 84 84 84 84 84 84 84 28 29 30 31 30 31 30 31 30 31 30 31 30 31 30 31 30 31 30 31 30 30 31 30 31 30 31 31 32 33 84 84 84 84 84 84 84 84 84 84 84 84 84 84 84 84 84 84
84 84 84 84 84 84 84 84 84 84 84 84 84 84 84 84 84 84 84 84 84 84 84 84 42 43 44 45 44 45 44 45 44 45 44 45 44 45 44 45 44 45 44 45 44 45 46 47 84 84 84 84 84 84 84 84 84 84 84 84 84 84 84 84 84 84 84 84 84 84 84 84 84 84 42 43 44 45 44 45 44 45 44 45 44 45 44 45 44 45 44 45 44 45 44 45 44 45 44 45 44 45 46 47 84 84 84 84 84 84 84 84 84 84 84 84 84 84 84 84 84 84
84 84 84 84 84 84 84 84 84 84 84 84 84 84 84 84 84 84 84 84 84 84 84 84 28 29 30 31 30 31 30 31 30 31 30 31 30 31 30 31 30 31 30 31 30 31 32 33 84 84 84 84 84 84 84 84 84 84 84 84 84 84 84 84 84 84 84 84 84 84 84 84 84 84 28 29 30 31 30 31 30 31 30 31 30 31 30 31 30 31 30 31 30 31 30 31 30 31 30 31 30 31 32 33 84 84 84 84 84 84 84 84 84 84 84 84 84 84 84 84 84 84
84 84 84 84 84 84 84 84 84 84 84 84 84 84 84 84 84 84 84 84 84 84 84 84 42 43 44 45 44 45 44 45 44 45 44 45 44 45 44 45 44 45 44 45 44 45 46 47 84 84 84 84 84 84 84 84 84 84 84 84 84 84 84 84 84 84 84 84 84 84 84 84 84 84 42 43 44 45 44 45 44 45 44 45 44 45 44 45 44 45 44 45 44 45 44 45 44 45 44 45 44 45 46 47 84 84 84 84 84 84 84 84 84 84 84 84 84 84 84 84 84 84
84 84 84 84 84 84 84 84 84 84 84 84 84 84 84 84 84 84 84 84 84 84 84 84 56 57 58 59 58 59 58 31 30 31 30 59 58 59 58 59 58 59 58 59 58 59 60 61 84 84 84 84 84 84 84 84 84 84 84 84 84 84 84 84 84 84 84 84 84 84 84 84 84 84 56 57 58 59 58 59 58 31 30 31 30 59 58 59 58 59 58 59 58 59 58 59 58 59 58 59 58 59 60 61 84 84 84 84 84 84 84 84 84 84 84 84 84 84 84 84 84 84
84 84 84 84 84 84 84 84 84 84 84 84 84 84 84 84 84 84 84 84 84 84 84 84 70 71 72 73 72 73 82 45 44 45 44 83 72 73 72 73 72 73 72 73 72 73 74 75 84 84 84 84 84 84 84 84 84 84 84 84 84 84 84 84 84 84 84 84 84 84 84 84 84 84 70 71 72 73 72 73 72 73 72 73 72 73 72 73 72 73 72 73 72 73 72 73 72 73 72 73 72 73 74 75 84 84 84 84 84 84 84 84 84 84 84 84 84 84 84 84 84 84
