84 84 84 84 84 84 84 84 84 84 84 84 84 84 84 84 84 84 0 1 2 3 2 3 2 3 2 3 2 3 2 3 2 3 2 3 2 3 2 3 2 3 2 3 2 3 4 5 84 84 84 84 84 84 84 84 84 84 84 84 84 84 84 84 84 84
84 84 84 84 84 84 84 84 84 84 84 84 84 84 84 84 84 84 14 15 16 17 16 17 16 17 16 17 16 17 16 17 16 17 16 17 16 17 16 17 16 17 16 17 16 17 18 19 84 84 84 84 84 84 84 84 84 84 84 84 84 84 84 84 84 84
84 84 84 84 84 84 84 84 84 84 84 84 84 84 84 84 84 84 28 29 30 31 30 31 30 31 30 31 30 31 30 31 30 31 30 31 30 31 30 31 30 31 30 31 30 31 32 33 84 84 84 84 84 84 84 84 84 84 84 84 84 84 84 84 84 84
84 84 84 84 84 84 84 84 84 84 84 84 84 84 84 84 84 84 42 43 44 45 44 45 44 45 44 45 44 45 44 45 44 45 44 45 44 45 44 45 44 45 44 45 44 45 46 47 84 84 84 84 84 84 84 84 84 84 84 84 84 84 84 84 84 84
84 84 84 84 84 84 84 84 84 84 84 84 84 84 84 84 84 84 28 29 30 31 30 31 30 31 30 31 30 31 30 31 30 31 30 31 30 31 30 31 30 31 30 31 30 31 32 33 84 84 84 84 84 84 84 84 84 84 84 84 84 84 84 84 84 84
84 84 84 84 84 84 84 84 84 84 84 84 84 84 84 84 84 84 42 43 44 45 44 45 44 45 44 45 44 45 44 45 44 45 44 45 44 45 44 45 44 45 44 45 44 45 46 47 84 84 84 84 84 84 84 84 84 84 84 84 84 84 84 84 84 84
84 84 84 84 84 84 84 84 84 84 84 84 84 84 84 84 84 84 28 29 30 31 30 31 30 31 30 31 30 31 30 31 30 31 30 31 30 31 30 31 30 31 30 31 30 31 32 33 84 84 84 84 84 84 84 84 84 84 84 84 84 84 84 84 84 84
84 84 84 84 84 84 84 84 84 84 84 84 84 84 84 84 84 84 42 43 44 45 44 45 44 45 44 45 44 45 44 45 44 45 44 45 44 45 44 45 44 45 44 45 44 45 46 47 84 84 84 84 84 84 84 84 84 84 84 84 84 84 84 84 84 84
84 84 84 84 84 84 84 84 84 84 84 84 84 84 84 84 84 84 28 29 30 31 30 31 30 31 30 31 30 31 30 31 30 31 30 31 30 31 30 31 30 31 30 31 30 31 32 33 84 84 84 84 84 84 84 84 84 84 84 84 84 84 84 84 84 84
84 84 84 84 84 84 84 84 84 84 84 84 84 84 84 84 84 84 42 43 44 45 44 45 44 45 44 45 44 45 44 45 44 45 44 45 44 45 44 45 44 45 44 45 44 45 46 47 84 84 84 84 84 84 84 84 84 84 84 84 84 84 84 84 84 84
84 84 84 84 84 84 84 84 84 84 84 84 84 84 84 84 84 84 28 29 30 31 30 31 30 31 30 31 30 31 30 31 30 31 30 31 30 31 30 31 30 31 30 31 30 31 32 33 84 84 84 84 84 84 84 84 84 84 84 84 84 84 84 84 84 84
84 84 84 84 84 84 84 84 84 84 84 84 84 84 84 84 84 84 42 43 44 45 44 45 44 45 44 45 44 45 44 45 44 45 44 45 44 45 44 45 44 45 44 45 44 45 46 47 84 84 84 84 84 84 84 84 84 84 84 84 84 84 84 84 84 84
84 84 84 84 84 84 84 84 84 84 84 84 84 84 84 84 84 84 28 29 30 31 30 31 30 31 30 31 30 31 30 31 30 31 30 31 30 31 30 31 30 31 30 31 30 31 32 33 84 84 84 84 84 84 84 84 84 84 84 84 84 84 84 84 84 84
84 84 84 84 84 84 84 84 84 84 84 84 84 84 84 84 84 84 42 43 44 45 44 45 44 45 44 45 44 45 44 45 44 45 44 45 44 45 44 45 44 45 44 45 44 45 46 47 84 84 84 84 84 84 84 84 84 84 84 84 84 84 84 84 84 84
84 84 84 84 84 84 84 84 84 84 84 84 84 84 84 84 84 84 56 57 58 59 58 59 58 59 58 59 58 59 58 31 30 31 30 59 58 59 58 59 58 59 58 59 58 59 60 61 84 84 84 84 84 84 84 84 84 84 84 84 84 84 84 84 84 84
84 84 84 84 84 84 84 84 84 84 84 84 84 84 84 84 84 84 70 71 72 73 72 73 72 73 72 73 72 73 82 45 44 45 44 83 72 73 72 73 72 73 72 73 72 73 74 75 84 84 84 84 84 84 84 84 84 84 84 84 84 84 84 84 84 84
84 84 84 84 84 84 84 84 84 84 84 84 84 84 84 84 84 84 84 84 84 84 84 84 84 84 84 84 84 84 84 45 44 45 44 84 84 84 84 84 84 84 84 84 84 84 84 84 84 84 84 84 84 84 84 84 84 84 84 84 84 84 84 84 84 84
84 84 84 84 84 84 84 84 84 84 84 84 84 84 84 84 84 84 84 84 84 84 84 84 84 84 84 84 84 84 84 31 30 31 30 84 84 84 84 84 84 84 84 84 84 84 84 84 84 84 84 84 84 84 84 84 84 84 84 84 84 84 84 84 84 84
84 84 84 84 84 84 84 84 84 84 84 84 84 84 84 84 84 84 84 84 84 84 84 84 84 84 84 84 84 84 84 45 44 45 44 84 84 84 84 84 84 84 84 84 84 84 84 84 84 84 84 84 84 84 84 84 84 84 84 84 84 84 84 84 84 84
84 84 84 84 84 84 84 84 84 84 84 84 84 84 84 84 84 84 84 84 84 84 84 84 84 84 84 84 84 84 84 31 30 31 30 84 84 84 84 84 84 84 84 84 84 84 84 84 84 84 84 84 84 84 84 84 84 84 84 84 84 84 84 84 84 84
84 84 84 84 84 84 84 84 84 84 84 84 84 84 84 84 84 84 0 1 2 3 2 3 2 3 2 3 2 3 2 3 2 3 2 3 2 3 2 3 2 3 2 3 2 3 4 5 84 84 84 84 84 84 84 84 84 84 84 84 84 84 84 84 84 84
84 84 84 84 84 84 84 84 84 84 84 84 84 84 84 84 84 84 14 15 16 17 16 17 16 17 16 17 16 17 16 17 16 17 16 17 16 17 16 17 16 17 16 17 16 17 18 19 84 84 84 84 84 84 84 84 84 84 84 84 84 84 84 84 84 84
84 84 84 84 84 84 84 84 84 84 84 84 84 84 84 84 84 84 28 29 30 31 30 31 30 31 30 31 30 31 30 31 30 31 30 31 30 31 30 31 30 31 30 31 30 31 32 33 84 84 84 84 84 84 84 84 84 84 84 84 84 84 84 84 84 84
0 1 2 3 2 3 2 3 2 3 2 3 4 5 84 84 84 84 42 43 44 45 44 45 44 45 44 45 44 45 44 45 44 45 44 45 44 45 44 45 44 45 44 45 44 45 46 47 84 84 84 84 0 1 2 3 2 3 2 3 2 3 2 3 4 5 
14 15 16 17 16 17 16 17 16 17 16 17 18 19 84 84 84 84 28 29 30 31 30 31 30 31 30 31 30 31 30 31 30 31 30 31 30 31 30 31 30 31 30 31 30 31 32 33 84 84 84 84 14 15 16 17 16 17 16 17 16 17 16 17 18 19 
42 43 44 45 44 45 44 45 44 45 44 45 46 47 84 84 84 84 42 43 44 45 44 45 44 45 44 45 44 45 44 45 44 45 44 45 44 45 44 45 44 45 44 45 44 45 46 47 84 84 84 84 42 43 44 45 44 45 44 45 44 45 44 45 46 47 
28 29 30 31 30 31 30 31 30 31 30 31 32 33 84 84 84 84 28 29 30 31 30 31 30 31 30 31 30 31 30 31 30 31 30 31 30 31 30 31 30 31 30 31 30 31 32 33 84 84 84 84 28 29 30 31 30 31 30 31 30 31 30 31 32 33 
42 43 44 45 44 45 44 45 44 45 44 45 46 69 40 41 40 41 68 43 44 45 44 45 44 45 44 45 44 45 44 45 44 45 44 45 44 45 44 45 44 45 44 45 44 45 46 69 40 41 40 41 68 43 44 45 44 45 44 45 44 45 44 45 46 47 
28 29 30 31 30 31 30 31 30 31 30 31 32 31 30 31 30 31 30 31 30 31 30 31 30 31 30 31 30 31 30 31 30 31 30 31 30 31 30 31 30 31 30 31 30 31 30 31 30 31 30 31 30 31 30 31 30 31 30 31 30 31 30 31 32 33 
42 43 44 45 44 45 44 45 44 45 44 45 46 45 44 45 44 45 44 45 44 45 44 45 44 45 44 45 44 45 44 45 44 45 44 45 44 45 44 45 44 45 44 45 44 45 44 45 44 45 44 45 44 44 44 45 44 45 44 45 44 45 44 45 46 47 
28 29 30 31 30 31 30 31 30 31 30 31 32 83 54 55 54 55 82 29 30 31 30 31 30 31 30 31 30 31 30 31 30 31 30 31 30 31 30 31 30 31 30 31 30 31 32 83 54 55 54 55 82 29 30 31 30 31 30 31 30 31 30 31 32 33 
42 43 44 45 44 45 44 45 44 45 44 45 46 47 84 84 84 84 42 43 44 45 44 45 44 45 44 45 44 45 44 45 44 45 44 45 44 45 44 45 44 45 44 45 44 45 46 47 84 84 84 84 42 43 44 45 44 45 44 45 44 45 44 45 46 47 
28 29 30 31 30 31 30 31 30 31 30 31 32 33 84 84 84 84 28 29 30 31 30 31 30 31 30 31 30 31 30 31 30 31 30 31 30 31 30 31 30 31 30 31 30 31 32 33 84 84 84 84 28 29 30 31 30 31 30 31 30 31 30 31 32 33 
56 57 58 59 58 59 58 59 58 59 58 59 60 61 84 84 84 84 42 43 44 45 44 45 44 45 44 45 44 45 44 45 44 45 44 45 44 45 44 45 44 45 44 45 44 45 46 47 84 84 84 84 56 57 58 59 58 59 58 59 58 59 58 59 60 61 
70 71 72 73 72 73 72 73 72 73 72 73 74 75 84 84 84 84 28 29 30 31 30 31 30 31 30 31 30 31 30 31 30 31 30 31 30 31 30 31 30 31 30 31 30 31 32 33 84 84 84 84 70 71 72 73 72 73 72 73 72 73 72 73 74 75
84 84 84 84 84 84 84 84 84 84 84 84 84 84 84 84 84 84 42 43 44 45 44 45 44 45 44 45 44 45 44 45 44 45 44 45 44 45 44 45 44 45 44 45 44 45 46 47 84 84 84 84 84 84 84 84 84 84 84 84 84 84 84 84 84 84
84 84 84 84 84 84 84 84 84 84 84 84 84 84 84 84 84 84 28 29 30 31 30 31 30 31 30 31 30 31 30 31 30 31 30 31 30 31 30 31 30 31 30 31 30 31 32 33 84 84 84 84 84 84 84 84 84 84 84 84 84 84 84 84 84 84 
84 84 84 84 84 84 84 84 84 84 84 84 84 84 84 84 84 84 42 43 44 45 44 45 44 45 44 45 44 45 44 45 44 45 44 45 44 45 44 45 44 45 44 45 44 45 46 47 84 84 84 84 84 84 84 84 84 84 84 84 84 84 84 84 84 84
84 84 84 84 84 84 84 84 84 84 84 84 84 84 84 84 84 84 28 29 30 31 30 31 30 31 30 31 30 31 30 31 30 31 30 31 30 31 30 31 30 31 30 31 30 31 32 33 84 84 84 84 84 84 84 84 84 84 84 84 84 84 84 84 84 84
0 1 2 3 2 3 2 3 2 3 2 3 4 5 84 84 84 84 42 43 44 45 44 45 44 45 44 45 44 45 44 45 44 45 44 45 44 45 44 45 44 45 44 45 44 45 46 47 84 84 84 84 0 1 2 3 2 3 2 3 2 3 2 3 4 5 
14 15 16 17 16 17 16 17 16 17 16 17 18 19 84 84 84 84 28 29 30 31 30 31 30 31 30 31 30 31 30 31 30 31 30 31 30 31 30 31 30 31 30 31 30 31 32 33 84 84 84 84 14 15 16 17 16 17 16 17 16 17 16 17 18 19 
42 43 44 45 44 45 44 45 44 45 44 45 46 47 84 84 84 84 42 43 44 45 44 45 44 45 44 45 44 45 44 45 44 45 44 45 44 45 44 45 44 45 44 45 44 45 46 47 84 84 84 84 42 43 44 45 44 45 44 45 44 45 44 45 46 47 
28 29 30 31 30 31 30 31 30 31 30 31 32 33 84 84 84 84 28 29 30 31 30 31 30 31 30 31 30 31 30 31 30 31 30 31 30 31 30 31 30 31 30 31 30 31 32 33 84 84 84 84 28 29 30 31 30 31 30 31 30 31 30 31 32 33 
42 43 44 45 44 45 44 45 44 45 44 45 46 69 40 41 40 41 68 43 44 45 44 45 44 45 44 45 44 45 44 45 44 45 44 45 44 45 44 45 44 45 44 45 44 45 46 69 40 41 40 41 68 43 44 45 44 45 44 45 44 45 44 45 46 47 
28 29 30 31 30 31 30 31 30 31 30 31 32 31 30 31 30 31 30 31 30 31 30 31 30 31 30 31 30 31 30 31 30 31 30 31 30 31 30 31 30 31 30 31 30 31 30 31 30 31 30 31 30 31 30 31 30 31 30 31 30 31 30 31 32 33 
42 43 44 45 44 45 44 45 44 45 44 45 46 45 44 45 44 45 44 45 44 45 44 45 44 45 44 45 44 45 44 45 44 45 44 45 44 45 44 45 44 45 44 45 44 45 44 45 44 45 44 45 44 44 44 45 44 45 44 45 44 45 44 45 46 47 
28 29 30 31 30 31 30 31 30 31 30 31 32 83 54 55 54 55 82 29 30 31 30 31 30 31 30 31 30 31 30 31 30 31 30 31 30 31 30 31 30 31 30 31 30 31 32 83 54 55 54 55 82 29 30 31 30 31 30 31 30 31 30 31 32 33 
42 43 44 45 44 45 44 45 44 45 44 45 46 47 84 84 84 84 42 43 44 45 44 45 44 45 44 45 44 45 44 45 44 45 44 45 44 45 44 45 44 45 44 45 44 45 46 47 84 84 84 84 42 43 44 45 44 45 44 45 44 45 44 45 46 47 
28 29 30 31 30 31 30 31 30 31 30 31 32 33 84 84 84 84 28 29 30 31 30 31 30 31 30 31 30 31 30 31 30 31 30 31 30 31 30 31 30 31 30 31 30 31 32 33 84 84 84 84 28 29 30 31 30 31 30 31 30 31 30 31 32 33 
56 57 58 59 58 59 58 59 58 59 58 59 60 61 84 84 84 84 42 43 44 45 44 45 44 45 44 45 44 45 44 45 44 45 44 45 44 45 44 45 44 45 44 45 44 45 46 47 84 84 84 84 56 57 58 59 58 59 58 59 58 59 58 59 60 61
70 71 72 73 72 73 72 73 72 73 72 73 74 75 84 84 84 84 28 29 30 31 30 31 30 31 30 31 30 31 30 31 30 31 30 31 30 31 30 31 30 31 30 31 30 31 32 33 84 84 84 84 70 71 72 73 72 73 72 73 72 73 72 73 74 75
84 84 84 84 84 84 84 84 84 84 84 84 84 84 84 84 84 84 42 43 44 45 44 45 44 45 44 45 44 45 44 45 44 45 44 45 44 45 44 45 44 45 44 45 44 45 46 47 84 84 84 84 84 84 84 84 84 84 84 84 84 84 84 84 84 84
84 84 84 84 84 84 84 84 84 84 84 84 84 84 84 84 84 84 56 57 58 59 58 59 58 59 58 59 58 59 58 31 30 31 30 59 58 59 58 59 58 59 58 59 58 59 60 61 84 84 84 84 84 84 84 84 84 84 84 84 84 84 84 84 84 84
84 84 84 84 84 84 84 84 84 84 84 84 84 84 84 84 84 84 70 71 72 73 72 73 72 73 72 73 72 73 82 45 44 45 44 83 72 73 72 73 72 73 72 73 72 73 74 75 84 84 84 84 84 84 84 84 84 84 84 84 84 84 84 84 84 84
84 84 84 84 84 84 84 84 84 84 84 84 84 84 84 84 84 84 84 84 84 84 84 84 84 84 84 84 84 84 84 31 30 31 30 84 84 84 84 84 84 84 84 84 84 84 84 84 84 84 84 84 84 84 84 84 84 84 84 84 84 84 84 84 84 84
84 84 84 84 84 84 84 84 84 84 84 84 84 84 84 84 84 84 84 84 84 84 84 84 84 84 84 84 84 84 84 45 44 45 44 84 84 84 84 84 84 84 84 84 84 84 84 84 84 84 84 84 84 84 84 84 84 84 84 84 84 84 84 84 84 84
84 84 84 84 84 84 84 84 84 84 84 84 84 84 84 84 84 84 84 84 84 84 84 84 84 84 84 84 84 84 84 31 30 31 30 84 84 84 84 84 84 84 84 84 84 84 84 84 84 84 84 84 84 84 84 84 84 84 84 84 84 84 84 84 84 84
84 84 84 84 84 84 84 84 84 84 84 84 84 84 84 84 84 84 84 84 84 84 84 84 84 84 84 84 84 84 84 45 44 45 44 84 84 84 84 84 84 84 84 84 84 84 84 84 84 84 84 84 84 84 84 84 84 84 84 84 84 84 84 84 84 84
84 84 84 84 84 84 84 84 84 84 84 84 84 84 84 84 84 84 84 84 84 84 84 84 84 84 84 84 6 7 8 31 30 31 30 9 10 11 84 84 84 84 84 84 84 84 84 84 84 84 84 84 84 84 84 84 84 84 84 84 84 84 84 84 84 84
84 84 84 84 84 84 84 84 84 84 84 84 84 84 84 84 84 84 84 84 84 84 84 84 84 84 84 84 20 21 22 23 22 23 22 23 24 25 84 84 84 84 84 84 84 84 84 84 84 84 84 84 84 84 84 84 84 84 84 84 84 84 84 84 84 84
84 84 84 84 84 84 84 84 84 84 84 84 84 84 84 84 84 84 84 84 84 84 84 84 84 84 84 84 34 35 36 37 36 37 36 37 38 39 84 84 84 84 84 84 84 84 84 84 84 84 84 84 84 84 84 84 84 84 84 84 84 84 84 84 84 84
84 84 84 84 84 84 84 84 84 84 84 84 84 84 84 84 84 84 84 84 84 84 84 84 84 84 84 84 48 49 50 51 50 51 50 51 52 53 84 84 84 84 84 84 84 84 84 84 84 84 84 84 84 84 84 84 84 84 84 84 84 84 84 84 84 84
84 84 84 84 84 84 84 84 84 84 84 84 84 84 84 84 84 84 84 84 84 84 84 84 84 84 84 84 34 35 36 37 36 37 36 37 38 39 84 84 84 84 84 84 84 84 84 84 84 84 84 84 84 84 84 84 84 84 84 84 84 84 84 84 84 84
84 84 84 84 84 84 84 84 84 84 84 84 84 84 84 84 84 84 84 84 84 84 84 84 84 84 84 84 48 49 50 51 50 51 50 51 52 53 84 84 84 84 84 84 84 84 84 84 84 84 84 84 84 84 84 84 84 84 84 84 84 84 84 84 84 84
84 84 84 84 84 84 84 84 84 84 84 84 84 84 84 84 84 84 84 84 84 84 84 84 84 84 84 84 34 35 36 37 36 37 36 37 38 39 84 84 84 84 84 84 84 84 84 84 84 84 84 84 84 84 84 84 84 84 84 84 84 84 84 84 84 84
84 84 84 84 84 84 84 84 84 84 84 84 84 84 84 84 84 84 84 84 84 84 84 84 84 84 84 84 48 49 50 51 50 51 50 51 52 53 84 84 84 84 84 84 84 84 84 84 84 84 84 84 84 84 84 84 84 84 84 84 84 84 84 84 84 84
84 84 84 84 84 84 84 84 84 84 84 84 84 84 84 84 84 84 84 84 84 84 84 84 84 84 84 84 62 63 64 65 64 65 64 65 66 67 84 84 84 84 84 84 84 84 84 84 84 84 84 84 84 84 84 84 84 84 84 84 84 84 84 84 84 84
84 84 84 84 84 84 84 84 84 84 84 84 84 84 84 84 84 84 84 84 84 84 84 84 84 84 84 84 76 77 78 79 78 79 78 79 80 81 84 84 84 84 84 84 84 84 84 84 84 84 84 84 84 84 84 84 84 84 84 84 84 84 84 84 84 84