84 84 84 84 84 84 84 84 84 84 84 84 84 84 84 84 84 84
84 84 84 84 84 84 84 84 84 84 84 84 84 84 84 84 84 84
84 84 84 84 0 1 2 3 2 3 2 3 2 3 2 3 4 5 
84 84 84 84 14 15 16 17 16 17 16 17 16 17 16 17 18 19 
84 84 84 84 42 43 44 45 44 45 44 45 44 45 44 45 46 47 
84 84 84 84 28 29 30 31 30 31 30 31 30 31 30 31 32 33 
40 41 40 41 68 43 44 45 44 45 44 45 44 45 44 45 46 47 
30 31 30 31 30 31 30 31 30 31 30 31 30 31 30 31 32 33 
44 45 44 45 44 44 44 45 44 45 44 45 44 45 44 45 46 47 
54 55 54 55 82 29 30 31 30 31 30 31 30 31 30 31 32 33 
84 84 84 84 42 43 44 45 44 45 44 45 44 45 44 45 46 47 
84 84 84 84 28 29 30 31 30 31 30 31 30 31 30 31 32 33 
84 84 84 84 56 57 58 59 58 59 58 59 58 59 58 59 60 61 
84 84 84 84 70 71 72 73 72 73 72 73 72 73 72 73 74 75
84 84 84 84 84 84 84 84 84 84 84 84 84 84 84 84 84 84
84 84 84 84 84 84 84 84 84 84 84 84 84 84 84 84 84 84
84 84 84 84 84 84 84 84 84 84 84 84 84 84 84 84 84 84 